:43.004] 00 00 80 3F 00 00 00 00 00 00 00 00 00 00 00 00 00 00 00 00 00 00 00 00 00 F0 10 45 00 00 00 00 00 00 F8 41 00 00 A0 41 00 00 00 00 00 C0 0F 45 00 00 00 00 00 10 11 45 00 00 00 00 00 00 9E 43 00 00 00 00 00 00 80 3F 00 00 80 7F 
[07:23:43.004] 00 00 80 3F 00 00 00 00 00 00 00 00 00 00 00 00 00 00 00 00 00 00 00 00 00 F0 10 45 00 00 00 00 00 00 F8 41 00 00 A0 41 00 00 00 00 00 C0 0F 45 00 00 00 00 00 B0 10 45 00 00 00 00 00 80 9E 43 00 00 00 00 00 00 80 3F 00 00 80 7F 
[07:23:43.139] 00 00 80 3F 00 00 00 00 00 00 00 00 00 00 00 00 00 00 00 00 00 00 00 00 00 F0 10 45 00 00 00 00 00 00 F8 41 00 00 A0 41 00 00 00 00 00 C0 0F 45 00 00 00 00 00 B0 10 45 00 00 00 00 00 80 9E 43 00 00 00 00 00 00 80 3F 00 00 80 7F 
[07:23:43.249] 00 00 80 3F 00 00 00 00 00 00 00 00 00 00 00 00 00 00 00 00 00 00 00 00 00 F0 10 45 00 00 00 00 00 00 F8 41 00 00 A0 41 00 00 00 00 00 E0 12 45 00 00 00 00 00 70 11 45 00 00 00 00 00 00 9E 43 00 00 00 00 00 00 80 3F 00 00 80 7F 
[07:23:43.385] 00 00 80 3F 00 00 00 00 00 00 00 00 00 00 00 00 00 00 00 00 00 00 00 00 00 F0 10 45 00 00 00 00 00 00 F8 41 00 00 A0 41 00 00 00 00 00 C0 0F 45 00 00 00 00 00 A0 10 45 00 00 00 00 00 00 9E 43 00 00 00 00 00 00 80 3F 00 00 80 7F 
[07:23:43.385] 00 00 80 3F 00 00 00 00 00 00 00 00 00 00 00 00 00 00 00 00 00 00 00 00 00 F0 10 45 00 00 00 00 00 00 F8 41 00 00 A0 41 00 00 00 00 00 C0 0F 45 00 00 00 00 00 E0 10 45 00 00 00 00 00 00 9E 43 00 00 00 00 00 00 80 3F 00 00 80 7F 
[07:23:43.512] 00 00 80 3F 00 00 00 00 00 00 00 00 00 00 00 00 00 00 00 00 00 00 00 00 00 F0 10 45 00 00 00 00 00 00 F8 41 00 00 A0 41 00 00 00 00 00 60 06 45 00 00 00 00 00 90 0B 45 00 00 00 00 00 80 A2 43 00 00 00 00 00 00 80 3F 00 00 80 7F 
[07:23:43.649] 00 00 80 3F 00 00 00 00 00 00 00 00 00 00 00 00 00 00 00 00 00 00 00 00 00 F0 10 45 00 00 00 00 00 00 F8 41 00 00 A0 41 00 00 00 00 00 40 03 45 00 00 00 00 00 C0 07 45 00 00 00 00 00 80 A5 43 00 00 00 00 00 00 80 3F 00 00 80 7F 
[07:23:43.759] 00 00 80 3F 00 00 00 00 00 00 00 00 00 00 00 00 00 00 00 00 00 00 00 00 00 F0 10 45 00 00 00 00 00 00 F8 41 00 00 A0 41 00 00 00 00 00 80 09 45 00 00 00 00 00 80 08 45 00 00 00 00 00 00 A5 43 00 00 00 00 00 00 80 3F 00 00 80 7F 
[07:23:43.916] 00 00 80 3F 00 00 00 00 00 00 00 00 00 00 00 00 00 00 00 00 00 00 00 00 00 F0 10 45 00 00 00 00 00 00 F8 41 00 00 A0 41 00 00 00 00 00 60 06 45 00 00 00 00 00 70 08 45 00 00 00 00 00 80 A5 43 00 00 00 00 00 00 80 3F 00 00 80 7F 
[07:23:43.916] 00 00 80 3F 00 00 00 00 00 00 00 00 00 00 00 00 00 00 00 00 00 00 00 00 00 F0 10 45 00 00 00 00 00 00 F8 41 00 00 A0 41 00 00 00 00 00 A0 0C 45 00 00 00 00 00 C0 08 45 00 00 00 00 00 80 A5 43 00 00 00 00 00 00 80 3F 00 00 80 7F 
[07:23:44.051] 00 00 80 3F 00 00 00 00 00 00 00 00 00 00 00 00 00 00 00 00 00 00 00 00 00 F0 10 45 00 00 00 00 00 00 F8 41 00 00 A0 41 00 00 00 00 00 A0 0C 45 00 00 00 00 00 E0 0B 45 00 00 00 00 00 00 A3 43 00 00 00 00 00 00 80 3F 00 00 80 7F 
[07:23:44.167] 00 00 80 3F 00 00 00 00 00 00 00 00 00 00 00 00 00 00 00 00 00 00 00 00 00 F0 10 45 00 00 00 00 00 00 F8 41 00 00 A0 41 00 00 00 00 00 60 06 45 00 00 00 00 00 90 08 45 00 00 00 00 00 80 A5 43 00 00 00 00 00 00 80 3F 00 00 80 7F 