
[03:02:34.556] 00 00 00 40 00 00 72 43 00 00 00 00 00 00 80 3F 00 00 B0 41 00 00 00 00 00 00 00 00 00 00 00 00 00 00 F8 41 00 00 C8 42 00 00 00 00 00 00 4A 43 00 00 00 00 00 80 FC 44 00 00 00 00 00 80 51 C4 00 00 80 7F 
[03:02:34.673] 00 00 00 40 00 00 72 43 00 00 00 00 00 00 80 3F 00 00 B0 41 00 00 00 00 00 00 00 00 00 00 00 00 00 00 F8 41 00 00 C8 42 00 00 00 00 00 00 4C 43 00 00 00 00 00 00 FF 44 00 00 00 00 00 80 1E C4 00 00 80 7F 
[03:02:34.781] 00 00 00 40 00 00 72 43 00 00 00 00 00 00 80 3F 00 00 B0 41 00 00 00 00 00 00 00 00 00 00 00 00 00 00 F8 41 00 00 C8 42 00 00 00 00 00 00 00 43 00 00 00 00 00 00 A0 44 00 00 00 00 00 00 FD C3 00 00 80 7F 
[03:02:34.866] 00 00 00 40 00 00 70 43 00 00 00 40 00 00 80 3F 00 00 20 42 00 00 00 00 00 00 00 00 00 00 00 00 00 00 F8 41 00 00 C8 42 00 00 00 00 00 00 8A 42 00 00 00 00 00 80 2C 44 00 00 00 00 00 80 DA C3 00 00 80 7F 
[03:02:34.954] 00 00 00 40 00 00 72 43 00 00 00 00 00 00 80 3F 00 00 B0 41 00 00 00 00 00 00 00 00 00 00 00 00 00 00 F8 41 00 00 C8 42 00 00 00 00 00 00 DC 42 00 00 00 00 00 80 89 44 00 00 00 00 00 80 A3 C3 00 00 80 7F 
[03:02:35.058] 00 00 00 40 00 00 72 43 00 00 00 00 00 00 80 3F 00 00 B0 41 00 00 00 00 00 00 00 00 00 00 00 00 00 00 F8 41 00 00 C8 42 00 00 00 00 00 00 63 43 00 00 00 00 00 E0 0D 45 00 00 00 00 00 00 C8 C2 00 00 80 7F 
[03:02:35.163] 00 00 00 40 00 00 60 43 00 00 80 41 00 00 80 3F 00 00 48 42 00 00 00 00 00 00 00 00 00 00 00 00 00 00 F8 41 00 00 C8 42 00 00 00 00 00 00 1D 43 00 00 00 00 00 40 C4 44 00 00 00 00 00 00 64 42 00 00 80 7F 
[03:02:35.276] 00 00 00 40 00 00 60 43 00 00 80 42 00 00 80 3F 00 00 48 42 00 00 00 00 00 00 00 00 00 00 00 00 00 00 F8 41 00 00 C8 42 00 00 00 00 00 00 B2 42 00 00 00 00 00 80 5E 44 00 00 00 00 00 00 12 43 00 00 80 7F 
[03:02:35.359] 00 00 00 40 00 00 20 43 00 00 00 00 00 00 80 3F 00 00 48 42 00 00 00 00 00 00 00 00 00 00 00 00 00 00 F8 41 00 00 C8 42 00 00 00 00 00 00 F8 41 00 00 00 00 00 00 9B 43 00 00 00 00 00 00 31 43 00 00 80 7F 
[03:02:35.464] 00 00 00 40 00 00 60 43 00 00 00 00 00 00 80 3F 00 00 48 42 00 00 00 00 00 00 00 00 00 00 00 00 00 00 F8 41 00 00 C8 42 00 00 00 00 00 00 15 43 00 00 00 00 00 40 BA 44 00 00 00 00 00 00 A3 43 00 00 80 7F 
[03:02:35.571] 00 00 00 40 00 00 60 43 00 00 80 41 00 00 80 3F 00 00 48 42 00 00 00 00 00 00 00 00 00 00 00 00 00 00 F8 41 00 00 C8 42 00 00 00 00 00 00 35 43 00 00 00 00 00 40 E2 44 00 00 00 00 00 80 FD 43 00 00 80 7F 
[03:02:35.659] 00 00 00 40 00 00 60 43 00 00 00 00 00 00 80 3F 00 00 48 42 00 00 00 00 00 00 00 00 00 00 00 00 00 00 F8 41 00 00 C8 42 00 00 00 00 00 00 88 41 00 00 00 00 00 00 2A 43 00 00 00 00 00 00 03 44 00 00 80 7F 
[03:02:35.764] 00 00 00 40 00 00 20 43 00 00 00 00 00 00 80 3F 00 00 48 42 00 00 00 00 00 00 00 00 00 00 00 00 00 00 F8 41 00 00 C8 42 00 00 00 00 00 00 20 C1 00 00 00 00 00 00 C8 C2 00 00 00 00 00 80 00 44 00 00 80 7F 
[03:02:35.869] 00 00 00 40 00 00 00 43 00 00 00 00 00 00 80 3F 00 00 8C 42 00 00 00 00 00 00 00 00 00 00 00 00 00 00 F8 41 00 00 C8 42 00 00 00 00 00 00 80 C0 00 00 00 00 00 00 20 C2 00 00 00 00 00 00 FF 43 00 00 80 7F 
[03:02:35.952] 00 00 00 40 00 00 00 43 00 00 00 00 00 00 80 3F 00 00 8C 42 00 00 00 00 00 00 00 00 00 00 00 00 00 00 F8 41 00 00 C8 42 00 00 00 00 00 00 00 00 00 00 00 00 00 00 00 00 00 00 00 00 00 00 FF 43 00 00 80 7F 
[03:02:36.064] 00 00 00 40 00 00 00 43 00 00 C0 42 00 00 80 3F 00 00 8C 42 00 00 00 00 00 00 00 00 00 00 00 00 00 00 F8 41 00 00 C8 42 00 00 00 00 00 00 48 42 00 00 00 00 00 00 FA 43 00 00 00 00 00 00 0C 44 00 00 80 7F 
[03:02:36.168] 00 00 00 40 00 00 60 43 00 00 00 00 00 00 80 3F 00 00 48 42 00 00 00 00 00 00 00 00 00 00 00 00 00 00 F8 41 00 00 C8 42 00 00 00 00 00 00 31 43 00 00 00 00 00 40 DD 44 00 00 00 00 00 40 38 44 00 00 80 7F 
[03:02:36.284] 00 00 00 40 00 00 60 43 00 00 00 00 00 00 80 3F 00 00 48 42 00 00 00 00 00 00 00 00 00 00 00 00 00 00 F8 41 00 00 C8 42 00 00 00 00 00 00 05 43 00 00 00 00 00 40 A6 44 00 00 00 00 00 80 59 44 00 00 80 7F 
[03:02:36.352] 00 00 00 40 00 00 20 43 00 00 00 00 00 00 80 3F 00 00 48 42 00 00 00 00 00 00 00 00 00 00 00 00 00 00 F8 41 00 00 C8 42 00 00 00 00 00 00 84 42 00 00 00 00 00 00 25 44 00 00 00 00 00 00 6A 44 00 00 80 7F 
[03:02:36.461] 00 00 00 40 00 00 60 43 00 00 80 42 00 00 80 3F 00 00 48 42 00 00 00 00 00 00 00 00 00 00 00 00 00 00 F8 41 00 00 C8 42 00 00 00 00 00 00 50 41 00 00 00 00 00 00 02 43 00 00 00 00 00 40 6D 44 00 00 80 7F 
[03:02:36.566] 00 00 00 40 00 00 60 43 00 00 00 00 00 00 80 3F 00 00 48 42 00 00 00 00 00 00 00 00 00 00 00 00 00 00 F8 41 00 00 C8 42 00 00 00 00 00 00 D2 42 00 00 00 00 00 40 83 44 00 00 00 00 00 C0 83 44 00 00 80 7F 
[03:02:36.674] 00 00 00 40 00 00 60 43 00 00 00 00 00 00 80 3F 00 00 48 42 00 00 00 00 00 00 00 00 00 00 00 00 00 00 F8 41 00 00 C8 42 00 00 00 00 00 00 11 43 00 00 00 00 00 40 B5 44 00 00 00 00 00 E0 95 44 00 00 80 7F 
[03:02:36.756] 00 00 00 40 00 00 20 43 00 00 00 00 00 00 80 3F 00 00 48 42 00 00 00 00 00 00 00 00 00 00 00 00 00 00 F8 41 00 00 C8 42 00 00 00 00 00 00 C0 41 00 00 00 00 00 00 70 43 00 00 00 00 00 E0 98 44 00 00 80 7F 
[03:02:36.867] 00 00 00 40 00 00 00 43 00 00 00 00 00 00 80 3F 00 00 8C 42 00 00 00 00 00 00 00 00 00 00 00 00 00 00 F8 41 00 00 C8 42 00 00 00 00 00 00 00 C0 00 00 00 00 00 00 A0 C1 00 00 00 00 00 A0 98 44 00 00 80 7F 
[03:02:36.987] 00 00 00 40 00 00 00 00 00 00 00 00 00 00 00 00 00 00 00 00 00 00 00 00 00 00 00 00 00 00 00 00 00 00 F8 41 00 00 C8 42 00 00 00 00 00 00 00 00 00 00 00 00 00 00 00 00 00 00 00 00 00 A0 98 44 00 00 80 7F 
[03:02:37.071] 00 00 00 40 00 00 00 00 00 00 00 00 00 00 00 00 00 00 00 00 00 00 00 00 00 00 00 00 00 00 00 00 00 00 F8 41 00 00 C8 42 00 00 00 00 00 00 00 00 00 00 00 00 00 00 00 00 00 00 00 00 00 A0 98 44 00 00 80 7F 
[03:02:37.154] 00 00 00 40 00 00 00 00 00 00 00 00 00 00 00 00 00 00 00 00 00 00 00 00 00 00 00 00 00 00 00 00 00 00 F8 41 00 00 C8 42 00 00 00 00 00 00 00 00 00 00 00 00 00 00 00 00 00 00 00 00 00 A0 98 44 00 00 80 7F 
[03:02:37.263] 00 00 00 40 00 00 00 00 00 00 00 00 00 00 00 00 00 00 00 00 00 00 00 00 00 00 00 00 00 00 00 00 00 00 F8 41 00 00 C8 42 00 00 00 00 00 00 00 00 00 00 00 00 00 00 00 00 00 00 00 00 00 A0 98 44 00 00 80 7F 
[03:02:37.376] 00 00 00 40 00 00 00 00 00 00 00 00 00 00 00 00 00 00 00 00 00 00 00 00 00 00 00 00 00 00 00 00 00 00 F8 41 00 00 C8 42 00 00 00 00 00 00 00 00 00 00 00 00 00 00 00 00 00 00 00 00 00 A0 98 44 00 00 80 7F 
[03:02:37.459] 00 00 00 40 00 00 00 00 00 00 00 00 00 00 00 00 00 00 00 00 00 00 00 00 00 00 00 00 00 00 00 00 00 00 F8 41 00 00 C8 42 00 00 00 00 00 00 00 00 00 00 00 00 00 00 00 00 00 00 00 00 00 A0 98 44 00 00 80 7F 
[03:02:37.567] 00 00 00 40 00 00 00 00 00 00 00 00 00 00 00 00 00 00 00 00 00 00 00 00 00 00 00 00 00 00 00 00 00 00 F8 41 00 00 C8 42 00 00 00 00 00 00 00 00 00 00 00 00 00 00 00 00 00 00 00 00 00 A0 98 44 00 00 80 7F 
[03:02:37.676] 00 00 00 40 00 00 00 00 00 00 00 00 00 00 00 00 00 00 00 00 00 00 00 00 00 00 00 00 00 00 00 00 00 00 F8 41 00 00 C8 42 00 00 00 00 00 00 00 00 00 00 00 00 00 00 00 00 00 00 00 00 00 A0 98 44 00 00 80 7F 
[03:02:37.782] 00 00 00 40 00 00 00 00 00 00 00 00 00 00 00 00 00 00 00 00 00 00 00 00 00 00 00 00 00 00 00 00 00 00 F8 41 00 00 C8 42 00 00 00 00 00 00 00 00 00 00 00 00 00 00 00 00 00 00 00 00 00 A0 98 44 00 00 80 7F 