00 00 00 00 00 00 80 3F 00 00 48 42 00 00 00 00 00 00 00 00 00 00 00 00 00 00 40 40 00 00 A0 41 00 00 00 00 00 00 00 00 00 00 00 00 00 00 00 00 00 00 00 00 00 00 00 00 00 00 00 00 00 00 00 40 00 00 80 7F 
[06:10:12.477] 00 00 00 00 00 00 20 43 00 00 00 00 00 00 80 3F 00 00 48 42 00 00 00 00 00 00 00 00 00 00 00 00 00 00 40 40 00 00 A0 41 00 00 00 00 00 00 00 00 00 00 00 00 00 00 00 00 00 00 00 00 00 00 00 00 00 00 00 00 00 00 00 40 00 00 80 7F 
[06:10:12.659] 00 00 00 00 00 00 20 43 00 00 00 00 00 00 80 3F 00 00 48 42 00 00 00 00 00 00 00 00 00 00 00 00 00 00 40 40 00 00 A0 41 00 00 00 00 00 00 00 00 00 00 00 00 00 00 00 00 00 00 00 00 00 00 00 00 00 00 00 00 00 00 00 40 00 00 80 7F 
[06:10:12.728] 00 00 00 00 00 00 20 43 00 00 00 00 00 00 80 3F 00 00 48 42 00 00 00 00 00 00 00 00 00 00 00 00 00 00 40 40 00 00 A0 42 00 00 00 00 00 00 00 00 00 00 00 00 00 00 00 00 00 00 00 00 00 00 00 00 00 00 00 00 00 00 00 40 00 00 80 7F 
[06:10:12.867] 00 00 00 00 00 00 20 43 00 00 00 00 00 00 80 3F 00 00 48 42 00 00 00 00 00 00 00 00 00 00 00 00 00 00 40 40 00 00 A0 41 00 00 00 00 00 00 00 00 00 00 00 00 00 00 00 00 00 00 00 00 00 00 00 00 00 00 00 00 00 00 00 40 00 00 80 7F 
[06:10:12.867] 00 00 00 00 00 00 20 43 00 00 00 00 00 00 80 3F 00 00 48 42 00 00 00 00 00 00 00 00 00 00 00 00 00 00 40 40 00 00 A0 41 00 00 00 00 00 00 00 00 00 00 00 00 00 00 00 00 00 00 00 00 00 00 00 00 00 00 00 00 00 00 00 40 00 00 80 7F 
[06:10:13.001] 00 00 00 00 00 00 20 43 00 00 00 00 00 00 80 3F 00 00 48 42 00 00 00 00 00 00 00 00 00 00 00 00 00 00 40 40 00 00 A0 41 00 00 00 00 00 00 00 00 00 00 00 00 00 00 00 00 00 00 00 00 00 00 00 00 00 00 00 00 00 00 00 40 00 00 80 7F 
[06:10:13.125] 00 00 00 00 00 00 20 43 00 00 00 00 00 00 80 3F 00 00 48 42 00 00 00 00 00 00 00 00 00 00 00 00 00 00 40 40 00 00 A0 41 00 00 00 00 00 00 00 00 00 00 00 00 00 00 00 00 00 00 00 00 00 00 00 00 00 00 00 00 00 00 00 40 00 00 80 7F 
[06:10:13.264] 00 00 00 00 00 00 20 43 00 00 00 00 00 00 80 3F 00 00 48 42 00 00 00 00 00 00 00 00 00 00 00 00 00 00 40 40 00 00 A0 42 00 00 00 00 00 00 00 00 00 00 00 00 00 00 00 00 00 00 00 00 00 00 00 00 00 00 00 00 00 00 00 40 00 00 80 7F 
[06:10:13.264] 00 00 00 00 00 00 20 43 00 00 00 00 00 00 80 3F 00 00 48 42 00 00 00 00 00 00 00 00 00 00 00 00 00 00 40 40 00 00 A0 41 00 00 00 00 00 00 00 00 00 00 00 00 00 00 00 00 00 00 00 00 00 00 00 00 00 00 00 00 00 00 00 40 00 00 80 7F 
[06:10:13.407] 00 00 00 00 00 00 20 43 00 00 00 00 00 00 80 3F 00 00 48 42 00 00 00 00 00 00 00 00 00 00 00 00 00 00 40 40 00 00 A0 41 00 00 00 00 00 00 00 00 00 00 00 00 00 00 00 00 00 00 00 00 00 00 00 00 00 00 00 00 00 00 00 40 00 00 80 7F 
[06:10:13.519] 00 00 00 00 00 00 20 43 00 00 00 00 00 00 80 3F 00 00 48 42 00 00 00 00 00 00 00 00 00 00 00 00 00 00 40 40 00 00 A0 41 00 00 00 00 00 00 00 00 00 00 00 00 00 00 00 00 00 00 00 00 00 00 00 00 00 00 00 00 00 00 00 40 00 00 80 7F 
[06:10:13.676] 00 00 00 00 00 00 20 43 00 00 00 00 00 00 80 3F 00 00 48 42 00 00 00 00 00 00 00 00 00 00 00 00 00 00 40 40 00 00 A0 41 00 00 00 00 00 00 00 00 00 00 00 00 00 00 00 00 00 00 00 00 00 00 00 00 00 00 00 00 00 00 00 40 00 00 80 7F 
[06:10:13.676] 00 00 00 00 00 00 20 43 00 00 00 00 00 00 80 3F 00 00 48 42 00 00 00 00 00 00 00 00 00 00 00 00 00 00 40 40 00 00 A0 42 00 00 00 00 00 00 00 00 00 00 00 00 00 00 00 00 00 00 00 00 00 00 00 00 00 00 00 00 00 00 00 40 00 00 80 7F 
[06:10:13.807] 00 00 00 00 00 00 20 43 00 00 00 00 00 00 80 3F 00 00 48 42 00 00 00 00 00 00 00 00 00 00 00 00 00 00 40 40 00 00 A0 41 00 00 00 00 00 00 00 00 00 00 00 00 00 00 00 00 00 00 00 00 00 00 00 00 00 00 00 00 00 00 00 40 00 00 80 7F 