 C2 00 00 00 00 00 00 70 C4 00 00 00 00 00 80 61 44 00 00 00 00 00 00 80 7F 
[02:27:10.859] 00 00 00 40 00 00 7F 43 00 00 00 00 00 00 80 3F 00 00 00 00 00 00 00 00 00 00 00 00 00 00 00 00 00 00 F8 41 00 00 C8 42 00 00 BC C2 00 00 00 00 00 00 6B C4 00 00 00 00 00 00 4A 44 00 00 00 00 00 00 80 7F 
[02:27:10.940] 00 00 00 40 00 00 7F 43 00 00 00 00 00 00 80 3F 00 00 00 00 00 00 00 00 00 00 00 00 00 00 00 00 00 00 F8 41 00 00 C8 42 00 00 50 C2 00 00 00 00 00 00 02 C4 00 00 00 00 00 00 3D 44 00 00 00 00 00 00 80 7F 
[02:27:11.045] 00 00 00 40 00 00 7F 43 00 00 00 00 00 00 80 3F 00 00 00 00 00 00 00 00 00 00 00 00 00 00 00 00 00 00 F8 41 00 00 C8 42 00 00 50 C1 00 00 00 00 00 00 02 C3 00 00 00 00 00 C0 39 44 00 00 00 00 00 00 80 7F 
[02:27:11.174] 00 00 00 40 00 00 7F 43 00 00 00 00 00 00 80 3F 00 00 00 00 00 00 00 00 00 00 00 00 00 00 00 00 00 00 F8 41 00 00 C8 42 00 00 10 C1 00 00 00 00 00 00 B4 C2 00 00 00 00 00 80 37 44 00 00 00 00 00 00 80 7F 
[02:27:11.263] 00 00 00 40 00 00 7F 43 00 00 00 00 00 00 80 3F 00 00 00 00 00 00 00 00 00 00 00 00 00 00 00 00 00 00 F8 41 00 00 C8 42 00 00 50 C2 00 00 00 00 00 00 02 C4 00 00 00 00 00 80 2A 44 00 00 00 00 00 00 80 7F 
[02:27:11.345] 00 00 00 40 00 00 7F 43 00 00 00 00 00 00 80 3F 00 00 00 00 00 00 00 00 00 00 00 00 00 00 00 00 00 00 F8 41 00 00 C8 42 00 00 38 C2 00 00 00 00 00 00 E6 C3 00 00 00 00 00 00 1F 44 00 00 00 00 00 00 80 7F 
[02:27:11.462] 00 00 00 40 00 00 7F 43 00 00 00 00 00 00 80 3F 00 00 00 00 00 00 00 00 00 00 00 00 00 00 00 00 00 00 F8 41 00 00 C8 42 00 00 80 BF 00 00 00 00 00 00 20 C1 00 00 00 00 00 C0 1E 44 00 00 00 00 00 00 80 7F 
[02:27:11.548] 00 00 00 40 00 00 7F 43 00 00 00 00 00 00 80 3F 00 00 00 00 00 00 00 00 00 00 00 00 00 00 00 00 00 00 F8 41 00 00 C8 42 00 00 80 BF 00 00 00 00 00 00 20 C1 00 00 00 00 00 80 1E 44 00 00 00 00 00 00 80 7F 
[02:27:11.661] 00 00 00 40 00 00 7F 43 00 00 00 00 00 00 80 3F 00 00 00 00 00 00 00 00 00 00 00 00 00 00 00 00 00 00 F8 41 00 00 C8 42 00 00 00 00 00 00 00 00 00 00 00 00 00 00 00 00 00 80 1E 44 00 00 00 00 00 00 80 7F 
[02:27:11.758] 00 00 00 40 00 00 7F 43 00 00 00 00 00 00 80 3F 00 00 00 00 00 00 00 00 00 00 00 00 00 00 00 00 00 00 F8 41 00 00 C8 42 00 00 00 00 00 00 00 00 00 00 00 00 00 00 00 00 00 80 1E 44 00 00 00 00 00 00 80 7F 
[02:27:11.863] 00 00 00 40 00 00 7F 43 00 00 00 00 00 00 80 3F 00 00 00 00 00 00 00 00 00 00 00 00 00 00 00 00 00 00 F8 41 00 00 C8 42 00 00 00 00 00 00 00 00 00 00 00 00 00 00 00 00 00 80 1E 44 00 00 00 00 00 00 80 7F 
[02:27:11.945] 00 00 00 40 00 00 7F 43 00 00 00 00 00 00 80 3F 00 00 00 00 00 00 00 00 00 00 00 00 00 00 00 00 00 00 F8 41 00 00 C8 42 00 00 00 00 00 00 00 00 00 00 00 00 00 00 00 00 00 80 1E 44 00 00 00 00 00 00 80 7F 
[02:27:12.058] 00 00 00 40 00 00 7F 43 00 00 00 00 00 00 80 3F 00 00 00 00 00 00 00 00 00 00 00 00 00 00 00 00 00 00 F8 41 00 00 C8 42 00 00 00 00 00 00 00 00 00 00 00 00 00 00 00 00 00 80 1E 44 00 00 00 00 00 00 80 7F 
[02:27:12.163] 00 00 00 40 00 00 7F 43 00 00 00 00 00 00 80 3F 00 00 00 00 00 00 00 00 00 00 00 00 00 00 00 00 00 00 F8 41 00 00 C8 42 00 00 00 00 00 00 00 00 00 00 00 00 00 00 00 00 00 80 1E 44 00 00 00 00 00 00 80 7F 
[02:27:12.262] 00 00 00 40 00 00 7F 43 00 00 00 00 00 00 80 3F 00 00 00 00 00 00 00 00 00 00 00 00 00 00 00 00 00 00 F8 41 00 00 C8 42 00 00 00 00 00 00 00 00 00 00 00 00 00 00 00 00 00 80 1E 44 00 00 00 00 00 00 80 7F 
[02:27:12.346] 00 00 00 40 00 00 7F 43 00 00 00 00 00 00 80 3F 00 00 00 00 00 00 00 00 00 00 00 00 00 00 00 00 00 00 F8 41 00 00 C8 42 00 00 00 00 00 00 00 00 00 00 00 00 00 00 00 00 00 80 1E 44 00 00 00 00 00 00 80 7F 
[02:27:12.458] 00 00 00 40 00 00 7F 43 00 00 00 00 00 00 80 3F 00 00 00 00 00 00 00 00 00 00 00 00 00 00 00 00 00 00 F8 41 00 00 C8 42 00 00 00 00 00 00 00 00 00 00 00 00 00 00 00 00 00 80 1E 44 00 00 00 00 00 00 80 7F 
[02:27:12.541] 00 00 00 40 00 00 7F 43 00 00 00 00 00 00 80 3F 00 00 00 00 00 00 00 00 00 00 00 00 00 00 00 00 00 00 F8 41 00 00 C8 42 00 00 00 00 00 00 00 00 00 00 00 00 00 00 00 00 00 80 1E 44 00 00 00 00 00 00 80 7F 
[02:27:12.651] 00 00 00 40 00 00 7F 43 00 00 00 00 00 00 80 3F 00 00 00 00 00 00 00 00 00 00 00 00 00 00 00 00 00 00 F8 41 00 00 C8 42 00 00 00 00 00 00 00 00 00 00 00 00 00 00 00 00 00 80 1E 44 00 00 00 00 00 00 80 7F 
[02:27:12.763] 00 00 00 40 00 00 7F 43 00 00 00 00 00 00 80 3F 00 00 00 00 00 00 00 00 00 00 00 00 00 00 00 00 00 00 F8 41 00 00 C8 42 00 00 00 00 00 00 00 00 00 00 00 00 00 00 00 00 00 80 1E 44 00 00 00 00 00 00 80 7F 
[02:27:12.848] 00 00 00 40 00 00 7F 43 00 00 00 00 00 00 80 3F 00 00 00 00 00 00 00 00 00 00 00 00 00 00 00 00 00 00 F8 41 00 00 C8 42 00 00 00 00 00 00 00 00 00 00 00 00 00 00 00 00 00 80 1E 44 00 00 00 00 00 00 80 7F 
[02:27:12.959] 00 00 00 40 00 00 7F 43 00 00 00 00 00 00 80 3F 00 00 00 00 00 00 00 00 00 00 00 00 00 00 00 00 00 00 F8 41 00 00 C8 42 00 00 00 00 00 00 00 00 00 00 00 00 00 00 00 00 00 80 1E 44 00 00 00 00 00 00 80 7F 
[02:27:13.051] 00 00 00 40 00 00 7F 43 00 00 00 00 00 00 80 3F 00 00 00 00 00 00 00 00 00 00 00 00 00 00 00 00 00 00 F8 41 00 00 C8 42 00 00 00 00 00 00 00 00 00 00 00 00 00 00 00 00 00 80 1E 44 00 00 00 00 00 00 80 7F 
[02:27:13.161] 00 00 00 40 00 00 7F 43 00 00 00 00 00 00 80 3F 00 00 00 00 00 00 00 00 00 00 00 00 00 00 00 00 00 00 F8 41 00 00 C8 42 00 00 00 00 00 00 00 00 00 00 00 00 00 00 00 00 00 80 1E 44 00 00 00 00 00 00 80 7F 
[02:27:13.252] 00 00 00 40 00 00 7F 43 00 00 00 00 00 00 80 3F 00 00 00 00 00 00 00 00 00 00 00 00 00 00 00 00 00 00 F8 41 00 00 C8 42 00 00 00 00 00 00 00 00 00 00 00 00 00 00 00 00 00 80 1E 44 00 00 00 00 00 00 80 7F 
[02:27:13.371] 00 00 00 40 00 00 76 43 00 00 00 00 00 00 80 3F 00 00 50 41 00 00 00 00 00 00 00 00 00 00 00 00 00 00 F8 41 00 00 C8 42 00 00 00 00 00 00 00 00 00 00 00 00 00 00 00 00 00 80 1E 44 00 00 00 00 00 00 80 7F 
[02:27:13.452] 00 00 00 40 00 00 72 43 00 00 00 40 00 00 80 3F 00 00 B0 41 00 00 00 00 00 00 00 00 00 00 00 00 00 00 F8 41 00 00 C8 42 00 00 00 00 00 00 00 00 00 00 00 00 00 00 00 00 00 80 1E 44 00 00 00 00 00 00 80 7F 
[02:27:13.568] 00 00 00 40 00 00 20 43 00 00 00 00 00 00 80 3F 00 00 48 42 00 00 00 00 00 00 00 00 00 00 00 00 00 00 E0 41 00 00 C8 42 00 00 00 00 00 00 00 00 00 00 00 00 00 00 00 00 00 80 1E 44 00 00 00 00 00 00 80 7F 
[02:27:13.656] 00 00 00 40 00 00 00 43 00 00 00 00 00 00 80 3F 00 00 8C 42 00 00 00 00 00 00 00 00 00 00 00 00 00 00 E0 41 00 00 C8 42 00 00 00 00 00 00 00 00 00 00 00 00 00 00 00 00 00 80 1E 44 00 00 00 00 00 00 80 7F 
[02:27:13.783] 00 00 00 40 00 00 00 43 00 00 00 43 00 00 80 3F 00 00 8C 42 00 00 00 00 00 00 00 00 00 00 00 00 00 00 A0 41 00 00 C8 42 00 00 00 00 00 00 00 00 00 00 00 00 00 00 00 00 00 80 1E 44 00 00 00 00 00 00 80 7F 
[02:27:13.854] 00 00 00 40 00 00 00 00 00 00 00 00 00 00 00 00 00 00 00 00 00 00 00 00 00 00 00 00 00 00 00 00 00 00 A0 41 00 00 C8 42 00 00 00 00 00 00 00 00 00 00 00 00 00 00 00 00 00 80 1E 44 00 00 00 00 00 00 80 7F 
[02:27:13.963] 00 00 00 40 00 00 00 00 00 00 00 00 00 00 00 00 00 00 00 00 00 00 00 00 00 00 00 00 00 00 00 00 00 00 A0 41 00 00 C8 42 00 00 00 00 00 00 00 00 00 00 00 00 00 00 00 00 00 80 1E 44 00 00 00 00 00 00 80 7F 
[02:27:14.049] 00 00 00 40 00 00 00 00 00 00 00 00 00 00 00 00 00 00 00 00 00 00 00 00 00 00 00 00 00 00 00 00 00 00 A0 41 00 00 C8 42 00 00 00 00 00 00 00 00 00 00 00 00 00 00 00 00 00 80 1E 44 00 00 00 00 00 00 80 7F 
[02:27:14.158] 00 00 00 40 00 00 00 00 00 00 00 00 00 00 00 00 00 00 00 00 00 00 00 00 00 00 00 00 00 00 00 00 00 00 A0 41 00 00 C8 42 00 00 00 00 00 00 00 00 00 00 00 00 00 00 00 00 00 80 1E 44 00 00 00 00 00 00 80 7F 
[02:27:14.266] 00 00 00 40 00 00 00 00 00 00 00 00 00 00 00 00 00 00 00 00 00 00 00 00 00 00 00 00 00 00 00 00 00 00 A0 41 00 00 C8 42 00 00 00 00 00 00 00 00 00 00 00 00 00 00 00 00 00 80 1E 44 00 00 00 00 00 00 80 7F 
[02:27:14.354] 00 00 00 40 00 00 00 00 00 00 00 00 00 00 00 00 00 00 00 00 00 00 00 00 00 00 00 00 00 00 00 00 00 00 A0 41 00 00 C8 42 00 00 00 00 00 00 00 00 00 00 00 00 00 00 00 00 00 80 1E 44 00 00 00 00 00 00 80 7F 
[02:27:14.443] 00 00 00 40 00 00 00 00 00 00 00 00 00 00 00 00 00 00 00 00 00 00 00 00 00 00 00 00 00 00 00 00 00 00 A0 41 00 00 C8 42 00 00 00 00 00 00 00 00 00 00 00 00 00 00 00 00 00 80 1E 44 00 00 00 00 00 00 80 7F 
[02:27:14.562] 00 00 00 40 00 00 00 00 00 00 00 00 00 00 00 00 00 00 00 00 00 00 00 00 00 00 00 00 00 00 00 00 00 00 A0 41 00 00 C8 42 00 00 00 00 00 00 00 00 00 00 00 00 00 00 00 00 00 80 1E 44 00 00 00 00 00 00 80 7F 