00 00 11 45 00 60 10 C5 00 D0 6D 47 00 98 6D C7 00 00 80 7F 
[03:09:14.352] 00 00 80 3F 00 00 7F 43 00 00 00 00 00 00 80 3F 00 00 00 00 00 00 96 43 00 00 96 43 00 00 00 00 00 00 F8 41 00 00 C8 42 00 00 68 43 00 00 68 C3 00 00 11 45 00 00 11 C5 00 B8 6E 47 00 80 6E C7 00 00 80 7F 
[03:09:14.461] 00 00 80 3F 00 00 7F 43 00 00 00 00 00 00 80 3F 00 00 00 00 00 00 96 43 00 00 96 43 00 00 00 00 00 00 F8 41 00 00 C8 42 00 00 69 43 00 00 68 C3 00 A0 11 45 00 00 11 C5 00 A1 6F 47 00 68 6F C7 00 00 80 7F 
[03:09:14.553] 00 00 80 3F 00 00 7F 43 00 00 00 00 00 00 80 3F 00 00 00 00 00 00 96 43 00 00 96 43 00 00 00 00 00 00 F8 41 00 00 C8 42 00 00 68 43 00 00 68 C3 00 00 11 45 00 00 11 C5 00 89 70 47 00 50 70 C7 00 00 80 7F 
[03:09:14.642] 00 00 80 3F 00 00 7F 43 00 00 00 00 00 00 80 3F 00 00 00 00 00 00 96 43 00 00 96 43 00 00 00 00 00 00 F8 41 00 00 C8 42 00 00 69 43 00 00 67 C3 00 A0 11 45 00 60 10 C5 00 72 71 47 00 37 71 C7 00 00 80 7F 
[03:09:14.750] 00 00 80 3F 00 00 7F 43 00 00 00 00 00 00 80 3F 00 00 00 00 00 00 96 43 00 00 96 43 00 00 00 00 00 00 F8 41 00 00 C8 42 00 00 68 43 00 00 69 C3 00 00 11 45 00 A0 11 C5 00 5A 72 47 00 20 72 C7 00 00 80 7F 
[03:09:14.852] 00 00 80 3F 00 00 7F 43 00 00 00 00 00 00 80 3F 00 00 00 00 00 00 96 43 00 00 96 43 00 00 00 00 00 00 F8 41 00 00 C8 42 00 00 68 43 00 00 67 C3 00 00 11 45 00 60 10 C5 00 42 73 47 00 07 73 C7 00 00 80 7F 
[03:09:14.958] 00 00 80 3F 00 00 7F 43 00 00 00 00 00 00 80 3F 00 00 00 00 00 00 96 43 00 00 96 43 00 00 00 00 00 00 F8 41 00 00 C8 42 00 00 69 43 00 00 68 C3 00 A0 11 45 00 00 11 C5 00 2B 74 47 00 EF 73 C7 00 00 80 7F 
[03:09:15.049] 00 00 80 3F 00 00 7F 43 00 00 00 00 00 00 80 3F 00 00 00 00 00 00 96 43 00 00 96 43 00 00 00 00 00 00 F8 41 00 00 C8 42 00 00 68 43 00 00 68 C3 00 00 11 45 00 00 11 C5 00 13 75 47 00 D7 74 C7 00 00 80 7F 
[03:09:15.159] 00 00 80 3F 00 00 7F 43 00 00 00 00 00 00 80 3F 00 00 00 00 00 00 96 43 00 00 96 43 00 00 00 00 00 00 F8 41 00 00 C8 42 00 00 68 43 00 00 67 C3 00 00 11 45 00 60 10 C5 00 FB 75 47 00 BE 75 C7 00 00 80 7F 
[03:09:15.265] 00 00 80 3F 00 00 7F 43 00 00 00 00 00 00 80 3F 00 00 00 00 00 00 96 43 00 00 96 43 00 00 00 00 00 00 F8 41 00 00 C8 42 00 00 69 43 00 00 69 C3 00 A0 11 45 00 A0 11 C5 00 E4 76 47 00 A7 76 C7 00 00 80 7F 
[03:09:15.350] 00 00 80 3F 00 00 7F 43 00 00 00 00 00 00 80 3F 00 00 00 00 00 00 96 43 00 00 96 43 00 00 00 00 00 00 F8 41 00 00 C8 42 00 00 69 43 00 00 67 C3 00 A0 11 45 00 60 10 C5 00 CD 77 47 00 8E 77 C7 00 00 80 7F 
[03:09:15.484] 00 00 80 3F 00 00 7F 43 00 00 00 00 00 00 80 3F 00 00 00 00 00 00 96 43 00 00 96 43 00 00 00 00 00 00 F8 41 00 00 C8 42 00 00 68 43 00 00 69 C3 00 00 11 45 00 A0 11 C5 00 B5 78 47 00 77 78 C7 00 00 80 7F 
[03:09:15.550] 00 00 80 3F 00 00 7F 43 00 00 00 00 00 00 80 3F 00 00 00 00 00 00 96 43 00 00 96 43 00 00 00 00 00 00 F8 41 00 00 C8 42 00 00 68 43 00 00 67 C3 00 00 11 45 00 60 10 C5 00 9D 79 47 00 5E 79 C7 00 00 80 7F 
[03:09:15.670] 00 00 80 3F 00 00 7F 43 00 00 00 00 00 00 80 3F 00 00 00 00 00 00 96 43 00 00 96 43 00 00 00 00 00 00 F8 41 00 00 C8 42 00 00 68 43 00 00 68 C3 00 00 11 45 00 00 11 C5 00 85 7A 47 00 46 7A C7 00 00 80 7F 
[03:09:15.753] 00 00 80 3F 00 00 7F 43 00 00 00 00 00 00 80 3F 00 00 00 00 00 00 96 43 00 00 96 43 00 00 00 00 00 00 F8 41 00 00 C8 42 00 00 69 43 00 00 67 C3 00 A0 11 45 00 60 10 C5 00 6E 7B 47 00 2D 7B C7 00 00 80 7F 
[03:09:15.849] 00 00 80 3F 00 00 7F 43 00 00 00 00 00 00 80 3F 00 00 00 00 00 00 96 43 00 00 96 43 00 00 00 00 00 00 F8 41 00 00 C8 42 00 00 68 43 00 00 68 C3 00 00 11 45 00 00 11 C5 00 56 7C 47 00 15 7C C7 00 00 80 7F 
[03:09:15.954] 00 00 80 3F 00 00 7F 43 00 00 00 00 00 00 80 3F 00 00 00 00 00 00 96 43 00 00 96 43 00 00 00 00 00 00 F8 41 00 00 C8 42 00 00 69 43 00 00 68 C3 00 A0 11 45 00 00 11 C5 00 3F 7D 47 00 FD 7C C7 00 00 80 7F 
[03:09:16.062] 00 00 80 3F 00 00 7F 43 00 00 00 00 00 00 80 3F 00 00 00 00 00 00 96 43 00 00 96 43 00 00 00 00 00 00 F8 41 00 00 C8 42 00 00 68 43 00 00 68 C3 00 00 11 45 00 00 11 C5 00 27 7E 47 00 E5 7D C7 00 00 80 7F 
[03:09:16.156] 00 00 80 3F 00 00 7F 43 00 00 00 00 00 00 80 3F 00 00 00 00 00 00 96 43 00 00 96 43 00 00 00 00 00 00 F8 41 00 00 C8 42 00 00 69 43 00 00 68 C3 00 A0 11 45 00 00 11 C5 00 10 7F 47 00 CD 7E C7 00 00 80 7F 
[03:09:16.287] 00 00 80 3F 00 00 7F 43 00 00 00 00 00 00 80 3F 00 00 00 00 00 00 96 43 00 00 96 43 00 00 00 00 00 00 F8 41 00 00 C8 42 00 00 68 43 00 00 68 C3 00 00 11 45 00 00 11 C5 00 F8 7F 47 00 B5 7F C7 00 00 80 7F 
[03:09:16.344] 00 00 80 3F 00 00 7F 43 00 00 00 00 00 00 80 3F 00 00 00 00 00 00 96 43 00 00 96 43 00 00 00 00 00 00 F8 41 00 00 C8 42 00 00 69 43 00 00 67 C3 00 A0 11 45 00 60 10 C5 80 70 80 47 00 4E 80 C7 00 00 80 7F 
[03:09:16.449] 00 00 80 3F 00 00 7F 43 00 00 00 00 00 00 80 3F 00 00 00 00 00 00 96 43 00 00 96 43 00 00 00 00 00 00 F8 41 00 00 C8 42 00 00 69 43 00 00 68 C3 00 A0 11 45 00 00 11 C5 00 E5 80 47 00 C2 80 C7 00 00 80 7F 
[03:09:16.555] 00 00 80 3F 00 00 7F 43 00 00 00 00 00 00 80 3F 00 00 00 00 00 00 96 43 00 00 96 43 00 00 00 00 00 00 F8 41 00 00 C8 42 00 00 68 43 00 00 68 C3 00 00 11 45 00 00 11 C5 00 59 81 47 00 36 81 C7 00 00 80 7F 
[03:09:16.667] 00 00 80 3F 00 00 7F 43 00 00 00 00 00 00 80 3F 00 00 00 00 00 00 96 43 00 00 96 43 00 00 00 00 00 00 F8 41 00 00 C8 42 00 00 69 43 00 00 68 C3 00 A0 11 45 00 00 11 C5 80 CD 81 47 00 AA 81 C7 00 00 80 7F 
[03:09:16.749] 00 00 80 3F 00 00 7F 43 00 00 00 00 00 00 80 3F 00 00 00 00 00 00 96 43 00 00 96 43 00 00 00 00 00 00 F8 41 00 00 C8 42 00 00 68 43 00 00 68 C3 00 00 11 45 00 00 11 C5 80 41 82 47 00 1E 82 C7 00 00 80 7F 
[03:09:16.849] 00 00 80 3F 00 00 7F 43 00 00 00 00 00 00 80 3F 00 00 00 00 00 00 96 43 00 00 96 43 00 00 00 00 00 00 F8 41 00 00 C8 42 00 00 69 43 00 00 68 C3 00 A0 11 45 00 00 11 C5 00 B6 82 47 00 92 82 C7 00 00 80 7F 
[03:09:16.959] 00 00 80 3F 00 00 7F 43 00 00 00 00 00 00 80 3F 00 00 00 00 00 00 96 43 00 00 96 43 00 00 00 00 00 00 F8 41 00 00 C8 42 00 00 68 43 00 00 68 C3 00 00 11 45 00 00 11 C5 00 2A 83 47 00 06 83 C7 00 00 80 7F 
[03:09:17.045] 00 00 80 3F 00 00 7F 43 00 00 00 00 00 00 80 3F 00 00 00 00 00 00 96 43 00 00 96 43 00 00 00 00 00 00 F8 41 00 00 C8 42 00 00 69 43 00 00 68 C3 00 A0 11 45 00 00 11 C5 80 9E 83 47 00 7A 83 C7 00 00 80 7F 
[03:09:17.155] 00 00 80 3F 00 00 7F 43 00 00 00 00 00 00 80 3F 00 00 00 00 00 00 96 43 00 00 96 43 00 00 00 00 00 00 F8 41 00 00 C8 42 00 00 69 43 00 00 68 C3 00 A0 11 45 00 00 11 C5 00 13 84 47 00 EE 83 C7 00 00 80 7F 
[03:09:17.260] 00 00 80 3F 00 00 7F 43 00 00 00 00 00 00 80 3F 00 00 00 00 00 00 96 43 00 00 96 43 00 00 00 00 00 00 F8 41 00 00 C8 42 00 00 68 43 00 00 68 C3 00 00 11 45 00 00 11 C5 00 87 84 47 00 62 84 C7 00 00 80 7F 