00 00 00 00 00 00 80 7F 
[23:10:01.678] 00 00 00 40 00 00 00 00 00 00 00 00 00 00 00 00 00 00 00 00 00 00 00 00 00 00 00 00 00 00 00 00 00 00 F8 41 00 00 C8 42 00 00 00 00 00 00 00 00 00 00 00 00 00 00 00 00 00 F0 65 46 00 00 00 00 00 00 80 7F 
[23:10:01.812] 00 00 00 40 00 00 00 00 00 00 00 00 00 00 00 00 00 00 00 00 00 00 00 00 00 00 00 00 00 00 00 00 00 00 F8 41 00 00 C8 42 00 00 00 00 00 00 00 00 00 00 00 00 00 00 00 00 00 F0 65 46 00 00 00 00 00 00 80 7F 
[23:10:01.879] 00 00 00 40 00 00 00 00 00 00 00 00 00 00 00 00 00 00 00 00 00 00 00 00 00 00 00 00 00 00 00 00 00 00 F8 41 00 00 C8 42 00 00 00 00 00 00 00 00 00 00 00 00 00 00 00 00 00 F0 65 46 00 00 00 00 00 00 80 7F 
[23:10:01.984] 00 00 00 40 00 00 00 00 00 00 00 00 00 00 00 00 00 00 00 00 00 00 00 00 00 00 00 00 00 00 00 00 00 00 F8 41 00 00 C8 42 00 00 00 00 00 00 00 00 00 00 00 00 00 00 00 00 00 F0 65 46 00 00 00 00 00 00 80 7F 
[23:10:02.073] 00 00 00 40 00 00 00 00 00 00 00 00 00 00 00 00 00 00 00 00 00 00 00 00 00 00 00 00 00 00 00 00 00 00 F8 41 00 00 C8 42 00 00 00 00 00 00 00 00 00 00 00 00 00 00 00 00 00 F0 65 46 00 00 00 00 00 00 80 7F 
[23:10:02.181] 00 00 00 40 00 00 00 00 00 00 00 00 00 00 00 00 00 00 00 00 00 00 00 00 00 00 00 00 00 00 00 00 00 00 F8 41 00 00 C8 42 00 00 00 00 00 00 00 00 00 00 00 00 00 00 00 00 00 F0 65 46 00 00 00 00 00 00 80 7F 
[23:10:02.292] 00 00 00 40 00 00 00 00 00 00 00 00 00 00 00 00 00 00 00 00 00 00 00 00 00 00 00 00 00 00 00 00 00 00 F8 41 00 00 C8 42 00 00 00 00 00 00 00 00 00 00 00 00 00 00 00 00 00 F0 65 46 00 00 00 00 00 00 80 7F 
[23:10:02.374] 00 00 00 40 00 00 00 00 00 00 00 00 00 00 00 00 00 00 00 00 00 00 00 00 00 00 00 00 00 00 00 00 00 00 F8 41 00 00 C8 42 00 00 00 00 00 00 00 00 00 00 00 00 00 00 00 00 00 F0 65 46 00 00 00 00 00 00 80 7F 
[23:10:02.488] 00 00 00 40 00 00 00 00 00 00 00 00 00 00 00 00 00 00 00 00 00 00 00 00 00 00 00 00 00 00 00 00 00 00 F8 41 00 00 C8 42 00 00 00 00 00 00 00 00 00 00 00 00 00 00 00 00 00 F0 65 46 00 00 00 00 00 00 80 7F 
[23:10:02.586] 00 00 00 40 00 00 00 00 00 00 00 00 00 00 00 00 00 00 00 00 00 00 00 00 00 00 00 00 00 00 00 00 00 00 F8 41 00 00 C8 42 00 00 00 00 00 00 00 00 00 00 00 00 00 00 00 00 00 F0 65 46 00 00 00 00 00 00 80 7F 
[23:10:02.692] 00 00 00 40 00 00 00 00 00 00 00 00 00 00 00 00 00 00 00 00 00 00 00 00 00 00 00 00 00 00 00 00 00 00 F8 41 00 00 C8 42 00 00 00 00 00 00 00 00 00 00 00 00 00 00 00 00 00 F0 65 46 00 00 00 00 00 00 80 7F 
[23:10:02.782] 00 00 00 40 00 00 00 00 00 00 00 00 00 00 00 00 00 00 00 00 00 00 00 00 00 00 00 00 00 00 00 00 00 00 F8 41 00 00 C8 42 00 00 00 00 00 00 00 00 00 00 00 00 00 00 00 00 00 F0 65 46 00 00 00 00 00 00 80 7F 