00 00 00 00 00 00 80 7F 
[23:11:32.601] 00 00 00 40 00 00 00 00 00 00 00 00 00 00 00 00 00 00 00 00 00 00 00 00 00 00 00 00 00 00 00 00 00 00 F8 41 00 00 C8 42 00 00 00 00 00 00 00 00 00 00 00 00 00 00 00 00 00 1C 65 46 00 00 00 00 00 00 80 7F 
[23:11:32.707] 00 00 00 40 00 00 00 00 00 00 00 00 00 00 00 00 00 00 00 00 00 00 00 00 00 00 00 00 00 00 00 00 00 00 F8 41 00 00 C8 42 00 00 00 00 00 00 00 00 00 00 00 00 00 00 00 00 00 1C 65 46 00 00 00 00 00 00 80 7F 
[23:11:32.835] 00 00 00 40 00 00 00 00 00 00 00 00 00 00 00 00 00 00 00 00 00 00 00 00 00 00 00 00 00 00 00 00 00 00 F8 41 00 00 C8 42 00 00 00 00 00 00 00 00 00 00 00 00 00 00 00 00 00 1C 65 46 00 00 00 00 00 00 80 7F 
[23:11:32.897] 00 00 00 40 00 00 00 00 00 00 00 00 00 00 00 00 00 00 00 00 00 00 00 00 00 00 00 00 00 00 00 00 00 00 F8 41 00 00 C8 42 00 00 00 00 00 00 00 00 00 00 00 00 00 00 00 00 00 1C 65 46 00 00 00 00 00 00 80 7F 
[23:11:33.007] 00 00 00 40 00 00 00 00 00 00 00 00 00 00 00 00 00 00 00 00 00 00 00 00 00 00 00 00 00 00 00 00 00 00 F8 41 00 00 C8 42 00 00 00 00 00 00 00 00 00 00 00 00 00 00 00 00 00 1C 65 46 00 00 00 00 00 00 80 7F 
[23:11:33.114] 00 00 00 40 00 00 00 00 00 00 00 00 00 00 00 00 00 00 00 00 00 00 00 00 00 00 00 00 00 00 00 00 00 00 F8 41 00 00 C8 42 00 00 00 00 00 00 00 00 00 00 00 00 00 00 00 00 00 1C 65 46 00 00 00 00 00 00 80 7F 
[23:11:33.201] 00 00 00 40 00 00 00 00 00 00 00 00 00 00 00 00 00 00 00 00 00 00 00 00 00 00 00 00 00 00 00 00 00 00 F8 41 00 00 C8 42 00 00 00 00 00 00 00 00 00 00 00 00 00 00 00 00 00 1C 65 46 00 00 00 00 00 00 80 7F 
[23:11:33.310] 00 00 00 40 00 00 00 00 00 00 00 00 00 00 00 00 00 00 00 00 00 00 00 00 00 00 00 00 00 00 00 00 00 00 F8 41 00 00 C8 42 00 00 00 00 00 00 00 00 00 00 00 00 00 00 00 00 00 1C 65 46 00 00 00 00 00 00 80 7F 
[23:11:33.422] 00 00 00 40 00 00 00 00 00 00 00 00 00 00 00 00 00 00 00 00 00 00 00 00 00 00 00 00 00 00 00 00 00 00 F8 41 00 00 C8 42 00 00 00 00 00 00 00 00 00 00 00 00 00 00 00 00 00 1C 65 46 00 00 00 00 00 00 80 7F 
[23:11:33.512] 00 00 00 40 00 00 00 00 00 00 00 00 00 00 00 00 00 00 00 00 00 00 00 00 00 00 00 00 00 00 00 00 00 00 F8 41 00 00 C8 42 00 00 00 00 00 00 00 00 00 00 00 00 00 00 00 00 00 1C 65 46 00 00 00 00 00 00 80 7F 
[23:11:33.594] 00 00 00 40 00 00 00 00 00 00 00 00 00 00 00 00 00 00 00 00 00 00 00 00 00 00 00 00 00 00 00 00 00 00 F8 41 00 00 C8 42 00 00 00 00 00 00 00 00 00 00 00 00 00 00 00 00 00 1C 65 46 00 00 00 00 00 00 80 7F 
[23:11:33.704] 00 00 00 40 00 00 00 00 00 00 00 00 00 00 00 00 00 00 00 00 00 00 00 00 00 00 00 00 00 00 00 00 00 00 F8 41 00 00 C8 42 00 00 00 00 00 00 00 00 00 00 00 00 00 00 00 00 00 1C 65 46 00 00 00 00 00 00 80 7F 