00 18 66 C6 00 00 80 7F 
[23:16:54.594] 00 00 00 40 00 00 72 43 00 00 00 00 00 00 80 3F 00 00 B0 41 00 00 00 00 00 00 00 00 00 00 00 00 00 00 E8 41 00 00 C8 42 00 00 00 00 00 00 00 00 00 00 00 00 00 00 00 00 00 00 00 00 00 18 66 C6 00 00 80 7F 
[23:16:54.700] 00 00 00 40 00 00 72 43 00 00 00 00 00 00 80 3F 00 00 B0 41 00 00 00 00 00 00 00 00 00 00 00 00 00 00 E8 41 00 00 C8 42 00 00 00 00 00 00 00 00 00 00 00 00 00 00 00 00 00 00 00 00 00 18 66 C6 00 00 80 7F 
[23:16:54.790] 00 00 00 40 00 00 72 43 00 00 00 00 00 00 80 3F 00 00 B0 41 00 00 00 00 00 00 00 00 00 00 00 00 00 00 E8 41 00 00 C8 42 00 00 00 00 00 00 00 00 00 00 00 00 00 00 00 00 00 00 00 00 00 18 66 C6 00 00 80 7F 
[23:16:54.895] 00 00 00 40 00 00 72 43 00 00 00 00 00 00 80 3F 00 00 B0 41 00 00 00 00 00 00 00 00 00 00 00 00 00 00 E8 41 00 00 C8 42 00 00 00 00 00 00 00 00 00 00 00 00 00 00 00 00 00 00 00 00 00 18 66 C6 00 00 80 7F 
[23:16:55.000] 00 00 00 40 00 00 72 43 00 00 00 00 00 00 80 3F 00 00 B0 41 00 00 00 00 00 00 00 00 00 00 00 00 00 00 E8 41 00 00 C8 42 00 00 00 00 00 00 00 00 00 00 00 00 00 00 00 00 00 00 00 00 00 18 66 C6 00 00 80 7F 
[23:16:55.090] 00 00 00 40 00 00 72 43 00 00 00 00 00 00 80 3F 00 00 B0 41 00 00 00 00 00 00 00 00 00 00 00 00 00 00 E8 41 00 00 C8 42 00 00 00 00 00 00 00 00 00 00 00 00 00 00 00 00 00 00 00 00 00 18 66 C6 00 00 80 7F 
[23:16:55.202] 00 00 00 40 00 00 72 43 00 00 00 00 00 00 80 3F 00 00 B0 41 00 00 00 00 00 00 00 00 00 00 00 00 00 00 E8 41 00 00 C8 42 00 00 00 00 00 00 00 00 00 00 00 00 00 00 00 00 00 00 00 00 00 18 66 C6 00 00 80 7F 
[23:16:55.284] 00 00 00 40 00 00 72 43 00 00 00 00 00 00 80 3F 00 00 B0 41 00 00 00 00 00 00 00 00 00 00 00 00 00 00 E8 41 00 00 C8 42 00 00 00 00 00 00 00 00 00 00 00 00 00 00 00 00 00 00 00 00 00 18 66 C6 00 00 80 7F 
[23:16:55.399] 00 00 00 40 00 00 72 43 00 00 00 00 00 00 80 3F 00 00 B0 41 00 00 00 00 00 00 00 00 00 00 00 00 00 00 E8 41 00 00 C8 42 00 00 00 00 00 00 00 00 00 00 00 00 00 00 00 00 00 00 00 00 00 18 66 C6 00 00 80 7F 
[23:16:55.509] 00 00 00 40 00 00 72 43 00 00 00 00 00 00 80 3F 00 00 B0 41 00 00 00 00 00 00 00 00 00 00 00 00 00 00 E8 41 00 00 C8 42 00 00 00 00 00 00 00 00 00 00 00 00 00 00 00 00 00 00 00 00 00 18 66 C6 00 00 80 7F 
[23:16:55.602] 00 00 00 40 00 00 72 43 00 00 00 00 00 00 80 3F 00 00 B0 41 00 00 00 00 00 00 00 00 00 00 00 00 00 00 E8 41 00 00 C8 42 00 00 00 00 00 00 00 00 00 00 00 00 00 00 00 00 00 00 00 00 00 18 66 C6 00 00 80 7F 
[23:16:55.690] 00 00 00 40 00 00 72 43 00 00 00 00 00 00 80 3F 00 00 B0 41 00 00 00 00 00 00 00 00 00 00 00 00 00 00 E8 41 00 00 C8 42 00 00 00 00 00 00 00 00 00 00 00 00 00 00 00 00 00 00 00 00 00 18 66 C6 00 00 80 7F 