00 A8 65 C6 00 00 80 7F 
[23:15:03.594] 00 00 00 40 00 00 00 40 00 00 00 00 00 00 80 3F 00 00 48 C2 00 00 00 00 00 00 00 00 00 00 00 00 00 00 80 40 00 00 C8 42 00 00 00 00 00 00 00 00 00 00 00 00 00 00 00 00 00 00 00 00 00 A8 65 C6 00 00 80 7F 
[23:15:03.741] 00 00 00 40 00 00 00 40 00 00 00 00 00 00 80 3F 00 00 48 C2 00 00 00 00 00 00 00 00 00 00 00 00 00 00 80 40 00 00 C8 42 00 00 00 00 00 00 00 00 00 00 00 00 00 00 00 00 00 00 00 00 00 A8 65 C6 00 00 80 7F 
[23:15:03.801] 00 00 00 40 00 00 00 40 00 00 00 00 00 00 80 3F 00 00 48 C2 00 00 00 00 00 00 00 00 00 00 00 00 00 00 80 40 00 00 C8 42 00 00 00 00 00 00 00 00 00 00 00 00 00 00 00 00 00 00 00 00 00 A8 65 C6 00 00 80 7F 
[23:15:03.909] 00 00 00 40 00 00 00 40 00 00 00 00 00 00 80 3F 00 00 48 C2 00 00 00 00 00 00 00 00 00 00 00 00 00 00 80 40 00 00 C8 42 00 00 00 00 00 00 00 00 00 00 00 00 00 00 00 00 00 00 00 00 00 A8 65 C6 00 00 80 7F 
[23:15:04.041] 00 00 00 40 00 00 00 40 00 00 00 00 00 00 80 3F 00 00 48 C2 00 00 00 00 00 00 00 00 00 00 00 00 00 00 80 40 00 00 C8 42 00 00 00 00 00 00 00 00 00 00 00 00 00 00 00 00 00 00 00 00 00 A8 65 C6 00 00 80 7F 
[23:15:04.102] 00 00 00 40 00 00 00 40 00 00 00 00 00 00 80 3F 00 00 48 C2 00 00 00 00 00 00 00 00 00 00 00 00 00 00 80 40 00 00 C8 42 00 00 00 00 00 00 00 00 00 00 00 00 00 00 00 00 00 00 00 00 00 A8 65 C6 00 00 80 7F 
[23:15:04.193] 00 00 00 40 00 00 00 40 00 00 00 00 00 00 80 3F 00 00 48 C2 00 00 00 00 00 00 00 00 00 00 00 00 00 00 80 40 00 00 C8 42 00 00 00 00 00 00 00 00 00 00 00 00 00 00 00 00 00 00 00 00 00 A8 65 C6 00 00 80 7F 
[23:15:04.304] 00 00 00 40 00 00 00 40 00 00 00 00 00 00 80 3F 00 00 48 C2 00 00 00 00 00 00 00 00 00 00 00 00 00 00 80 40 00 00 C8 42 00 00 00 00 00 00 00 00 00 00 00 00 00 00 00 00 00 00 00 00 00 A8 65 C6 00 00 80 7F 
[23:15:04.409] 00 00 00 40 00 00 00 40 00 00 00 00 00 00 80 3F 00 00 48 C2 00 00 00 00 00 00 00 00 00 00 00 00 00 00 80 40 00 00 C8 42 00 00 00 00 00 00 00 00 00 00 00 00 00 00 00 00 00 00 00 00 00 A8 65 C6 00 00 80 7F 
[23:15:04.491] 00 00 00 40 00 00 00 40 00 00 00 00 00 00 80 3F 00 00 48 C2 00 00 00 00 00 00 00 00 00 00 00 00 00 00 80 40 00 00 C8 42 00 00 00 00 00 00 00 00 00 00 00 00 00 00 00 00 00 00 00 00 00 A8 65 C6 00 00 80 7F 
[23:15:04.603] 00 00 00 40 00 00 00 40 00 00 00 00 00 00 80 3F 00 00 48 C2 00 00 00 00 00 00 00 00 00 00 00 00 00 00 80 40 00 00 C8 42 00 00 00 00 00 00 00 00 00 00 00 00 00 00 00 00 00 00 00 00 00 A8 65 C6 00 00 80 7F 
[23:15:04.708] 00 00 00 40 00 00 00 40 00 00 00 00 00 00 80 3F 00 00 48 C2 00 00 00 00 00 00 00 00 00 00 00 00 00 00 80 40 00 00 C8 42 00 00 00 00 00 00 00 00 00 00 00 00 00 00 00 00 00 00 00 00 00 A8 65 C6 00 00 80 7F 