 C5 00 E3 28 48 00 6C 0A C8 00 00 80 7F 
[02:55:17.626] 00 00 80 3F 00 00 60 42 00 00 00 00 00 00 80 3F 00 00 20 41 00 00 A0 43 00 00 8C 43 00 00 A0 41 00 00 C0 41 00 00 C8 42 00 00 17 43 00 00 77 C3 00 C0 BC 44 00 60 1A C5 C0 08 29 48 C0 A9 0A C8 00 00 80 7F 
[02:55:17.713] 00 00 80 3F 00 00 E0 42 00 00 00 00 00 00 80 3F 00 00 F0 41 00 00 BE 43 00 00 C8 42 00 00 0C 43 00 00 C0 41 00 00 C8 42 00 00 49 43 00 00 49 C3 00 40 FB 44 00 40 FB C4 00 3B 29 48 00 DC 0A C8 00 00 80 7F 
[02:55:17.821] 00 00 80 3F 00 00 C0 42 00 00 00 00 00 00 80 3F 00 00 20 42 00 00 BE 43 00 00 C8 42 00 00 0C 43 00 00 80 41 00 00 C8 42 00 00 73 43 00 00 FC C2 00 E0 17 45 00 80 9D C4 C0 77 29 48 80 FB 0A C8 00 00 80 7F 
[02:55:17.934] 00 00 80 3F 00 00 60 43 00 00 00 00 00 00 80 3F 00 00 48 42 00 00 BE 43 00 00 C8 42 00 00 0C 43 00 00 80 41 00 00 C8 42 00 00 7B 43 00 00 C0 C2 00 E0 1C 45 00 00 70 C4 80 B6 29 48 80 13 0B C8 00 00 80 7F 
[02:55:18.029] 00 00 80 3F 00 00 60 43 00 00 00 00 00 00 80 3F 00 00 48 42 00 00 BE 43 00 00 C8 42 00 00 0C 43 00 00 80 41 00 00 C8 42 00 00 79 43 00 00 A2 C2 00 A0 1B 45 00 80 4A C4 C0 F4 29 48 C0 27 0B C8 00 00 80 7F 
[02:55:18.112] 00 00 80 3F 00 00 C0 42 00 00 00 00 00 00 80 3F 00 00 20 42 00 00 BE 43 00 00 C8 42 00 00 0C 43 00 00 C0 41 00 00 C8 42 00 00 7F 43 00 00 92 C2 00 60 1F 45 00 80 36 C4 80 34 2A 48 00 3A 0B C8 00 00 80 7F 
[02:55:18.230] 00 00 80 3F 00 00 C0 42 00 00 80 41 00 00 80 3F 00 00 20 42 00 00 BE 43 00 00 C8 42 00 00 0C 43 00 00 C0 41 00 00 C8 42 00 00 7C 43 00 00 94 C2 00 80 1D 45 00 00 39 C4 80 73 2A 48 80 4C 0B C8 00 00 80 7F 
[02:55:18.315] 00 00 80 3F 00 00 40 42 00 00 00 00 00 00 80 3F 00 00 A0 41 00 00 B4 43 00 00 20 43 00 00 C8 42 00 00 60 41 00 00 C8 42 00 00 77 43 00 00 B8 C2 00 60 1A 45 00 00 66 C4 40 B1 2A 48 80 63 0B C8 00 00 80 7F 
[02:55:18.435] 00 00 80 3F 00 00 C0 41 00 00 00 00 00 00 80 3F 00 00 00 00 00 00 96 43 00 00 96 43 00 00 00 00 00 00 C0 40 00 00 C8 42 00 00 7B 43 00 00 DC C2 00 E0 1C 45 00 80 89 C4 00 F0 2A 48 00 7F 0B C8 00 00 80 7F 
[02:55:18.524] 00 00 80 3F 00 00 00 41 00 00 00 00 00 00 80 3F 00 00 20 C1 00 00 8C 43 00 00 A0 43 00 00 A0 C1 00 00 00 00 00 00 C8 42 00 00 6F 43 00 00 28 C3 00 60 15 45 00 00 D2 C4 C0 2B 2B 48 00 A9 0B C8 00 00 80 7F 
[02:55:18.630] 00 00 80 3F 00 00 80 40 00 00 00 00 00 00 80 3F 00 00 F0 C1 00 00 C8 42 00 00 BE 43 00 00 0C C3 00 00 40 40 00 00 C8 42 00 00 4A 43 00 00 4F C3 00 80 FC 44 00 60 01 C5 40 5E 2B 48 C0 DC 0B C8 00 00 80 7F 
[02:55:18.717] 00 00 80 3F 00 00 C0 40 00 00 00 00 00 00 80 3F 00 00 20 C2 00 00 C8 42 00 00 BE 43 00 00 0C C3 00 00 40 40 00 00 C8 42 00 00 F2 42 00 00 75 C3 00 40 97 44 00 20 19 C5 80 7C 2B 48 00 1A 0C C8 00 00 80 7F 
[02:55:18.832] 00 00 80 3F 00 00 C0 40 00 00 00 00 00 00 80 3F 00 00 20 C2 00 00 C8 42 00 00 BE 43 00 00 0C C3 00 00 40 40 00 00 C8 42 00 00 BE 42 00 00 70 C3 00 80 6D 44 00 00 16 C5 40 94 2B 48 00 56 0C C8 00 00 80 7F 
[02:55:18.937] 00 00 80 3F 00 00 C0 40 00 00 00 00 00 00 80 3F 00 00 20 C2 00 00 C8 42 00 00 BE 43 00 00 0C C3 00 00 40 40 00 00 C8 42 00 00 AA 42 00 00 74 C3 00 80 54 44 00 80 18 C5 80 A9 2B 48 00 93 0C C8 00 00 80 7F 
[02:55:19.021] 00 00 80 3F 00 00 80 40 00 00 00 00 00 00 80 3F 00 00 F0 C1 00 00 C8 42 00 00 BE 43 00 00 0C C3 00 00 00 00 00 00 C8 42 00 00 A0 42 00 00 76 C3 00 00 48 44 00 C0 19 C5 80 BD 2B 48 80 D0 0C C8 00 00 80 7F 
[02:55:19.132] 00 00 80 3F 00 00 40 41 00 00 00 00 00 00 80 3F 00 00 A0 C1 00 00 20 43 00 00 B4 43 00 00 C8 C2 00 00 C0 40 00 00 C8 42 00 00 AA 42 00 00 7E C3 00 80 54 44 00 C0 1E C5 C0 D2 2B 48 00 10 0D C8 00 00 80 7F 
[02:55:19.245] 00 00 80 3F 00 00 00 41 00 00 80 41 00 00 80 3F 00 00 20 C1 00 00 8C 43 00 00 A0 43 00 00 A0 C1 00 00 C0 40 00 00 C8 42 00 00 E8 42 00 00 7F C3 00 00 91 44 00 60 1F C5 C0 EF 2B 48 C0 4F 0D C8 00 00 80 7F 
[02:55:19.333] 00 00 80 3F 00 00 80 41 00 00 00 00 00 00 80 3F 00 00 20 41 00 00 A0 43 00 00 8C 43 00 00 A0 41 00 00 00 41 00 00 C8 42 00 00 2F 43 00 00 6F C3 00 C0 DA 44 00 60 15 C5 80 1B 2C 48 80 8B 0D C8 00 00 80 7F 
[02:55:19.439] 00 00 80 3F 00 00 00 42 00 00 00 00 00 00 80 3F 00 00 F0 41 00 00 BE 43 00 00 C8 42 00 00 0C 43 00 00 80 41 00 00 C8 42 00 00 4F 43 00 00 48 C3 00 60 01 45 00 00 FA C4 40 4F 2C 48 80 BD 0D C8 00 00 80 7F 
[02:55:19.528] 00 00 80 3F 00 00 00 42 00 00 00 00 00 00 80 3F 00 00 F0 41 00 00 BE 43 00 00 C8 42 00 00 0C 43 00 00 80 41 00 00 C8 42 00 00 6C 43 00 00 FA C2 00 80 13 45 00 40 9C C4 40 8A 2C 48 C0 DC 0D C8 00 00 80 7F 